729101217
690835639
699096205
788840555
729760805
575088165
666270400
725212561
739362623
791033891
737543568
731714781
729764546
728675365
690865738
690216274
795485187
699233780
699042306
727328792
728247985
536446244
536213138
699058499
788892345
699648307
663621798
881714420
883937725
536690758
729250275
796390258
783167746
607349456
696775098
884898362
727139692
690603871
883489815
884825431
690913754
883047977
780110449
737422120
789650704
783393927
536348622
690882240
728920197
797996935
881575669
699649946
697991977
737522942
783535022
720810367
530661612
795832455
881818637
727276612
536306589
699288673
888700506
691184317
884094084
699202372
789551207
795521693
783410298
729234624
795433724
883426623
737335391
699264052
571453839
699075432
799561347
728384759
666674493
789632116
883248205
531825885
786166037
722533769
696825882
787433086
793566542
795315393
881431744
661806260
699610168
571340708
884084886
737371639
789506664
690834496
881741790
795905792
538128480
606406602
536327544
882220690
727264233
795139961
608840855
884143634
666982433
780106615
536009751
606055266
728296596
790957417
601242515
663762513
783204137
699200057
783605956
729506832
883644956
737271809
789665904
786236447
729225355
699664944
690856347
883503053
787246262
571371946
531983557
664961962
606557677
693603946
690139719
881843858
789527585
883671043
695179418
666293938
722130183
607205412
734243573
699232921
603086823
661507316
881234259
729144697
728979543
727793875
666621458
699638170
887749274
669733200
728954477
728585806
739341922
787660534
787785995
799109533
699332281
722697071
729373298
787927049
737593735
786087736
699071447
783456675
699337440
793521057
699667348
737486143
572214061
690392027
737131725
795071909
881614949
793066103
737559194
690836549
729764952
600939328
699215581
722841839
884134162
793499225
722632794
690496107
799140350
571442655
733327291
722745672
571254262
538523067
737473472
571224115
727921427
666884365
727157522
728762672
737567751
730100485
690172654
571229115
699088127
666223602
502595329
536141833
795095986
787917896
729055116
792184656
882828850
783014770
663799937
602414221
697180349
699640677
728606387
789048531
789720673
793319679
734419404
690238142
789424996
739239506
602044248
739342695
739041381
531338811
536214619
533185482
787204096
690426101
690183905
799255656
699283608
536377480
690014389
790397989
699232750
536735818
881880519
600056870
663811958
787446910
666908055
783601438
739375601
727290318
739382346
722567172
737317194
739379612
780100214
789350176
570391984
785068442
793864065
789286334
784122572
699040307
669485040
793132603
603324006
728224949
739359886
699659047
881662851
793242013
571127219
728801577
884936660
884745759
722071682
535678976
536030225
783949921
739377649
787874125
789923138
787398493
728739118
880879282
535282520
787757352
728877261
536751832
600386969
727261210
699085927
793517711
699041834
609106957
666738450
517945847
663776127
539367393
728157755
730748893
795878209
692803283
789548319
538969188
884826280
699034804
883541032
721296461
787354692
883121900
698856976
881835387
696045590
722602550
729673118
795459136
699231355
733790676
698671220
780671151
532738815
697616804
729365790
739344010
722489501
731747603
699207065
789247480
882231316
788865349
727349095
699259653
881281229
739303558
798785429
661746115
784753147
699637945
727116038
789153459
737299454
723993459
514073307
783134090
794186944
884580032
699248750
793673782
699027359
694028797
691295126
722157859
789976617
575306424
608168483
539873503
793816583
797194919
788506400
881071259
783415181
783122292
513031826
795191373
535343915
666454062
661887495
739320671
881665092
690182997
537390952
729768149
787460375
536369248
669196837
694179598
795389097
729195341
799507950
739301774
799349832
737147878
699026541
889612216
728114956
789386071
728274405
727327151
881641126
880741467
795954112
789401635
536736046
722993953
722356732
783433905
788666285
739355964
728595098
781422097
722571476
795743588
883734177
690673546
799489623
795876817
734144427
690176844
780111330
780218896
536303669
609761303
607671104
789735910
792252364
727963036
793752763
699313427
883400637
729470106
795594001
699096722
794439791
664508953
786164138
787356794
793874562
887288714
699217141
729344155
787062939
699430014
787500621
780596595
739341888
729331842
600303015
796366710
570598664
694739570
883567584
787947213
690486510
734158070
881586899
727216319
728884463
889644708
737134528
690373054
787357985
534569576
795279308
738693258
666638497
538651974
722271993
789528901
882290248
536571606
727161355
728262806
783893276
734252182
795443299
793989165
573757991
699292799
787519535
789218802
880472631
536395610
727005994
780167121
690971847
728346582
737211518
728260052
663512404
722556158
728236824
690375013
669362678
699200699
737388306
699246711
795011621
889574293
536335121
699240368
883536093
884589052
690560059
884388662
722011077
786241991
720802061
536179199
699683745
789217760
725253646
783049580
608998101
786067167
739319097
789142358
536413491
699663460
795471902
787388584
889240012
730438251
795396758
787500296
884363007
737137509
787617691
789429957
513657069
783199302
780206216
787913014
780234981
789962523
571253206
786175874
799438903
737192464
530503147
694389033
573878628
883256009
789892256
536212353
605409278
881952855
885465216
699087598
737602030
790577047
884969007
728296816
888199089
668086026
786304558
783382480
884614866
666921968
699061195
699489667
536103973
699032522
698122803
668423826
536806173
666736009
538636515
796730186
690284984
666559289
731710798
793662830
793124352
690457981
884682749
737364939
793858464
795745324
734260312
883439360
884299564
727108026
697508201
690957798
728905074
604056386
535903177
737186917
881531464
603550219
536829004
787739691
669359039
737029497
728369304
783438363
780246577
728354623
571134011
780279414
699249385
699098923
787200607
739325824
881489540
699094820
728432334
600431868
722288869
690338643
699666164
737466779
536810372
699273308
887135714
606513605
729408378
729713129
536124908
739082183
722977618
739375315
884797612
729719905
787752534
699663881
666798664
728942830
787314227
793137685
699072959
603995617
666110489
664754269
796176202
602711073
884845590
536985313
699284623
699000884
734200440
783212079
883455088
798825323
737256511
739319143
690113420
600134636
739312105
787087712
780284784
690393718
883523440
787048399
881470304
664248028
536266010
699333151
722230186
728838579
690475182
781799356
661949359
795186936
737002991
722237008
881000601
793460126
883514698
795098714
660949810
728117255
739301609
883132765
884064416
881990095
665202227
782727784
690223201
729769103
696396605
699297492
787160227
789152006
796697150
539271701
728301916
665469613
535492739
737283669
699094175
883220108
795473872
795428581
730477415
727907266
786247904
795766387
538046670
690245988
737312555
881683923
734289460
666509640
690640582
787823452
884846813
730214616
793230645
793653439
722856575
724968037
790496264
799564048
786130375
737571446
795923238
793171269
782461203
881315216
570988370
787383256
699001480
787584831
608535166
734104391
690957479
883775645
799244659
785975085
536113288
699320915
666756603
793980822
880220524
663951777
787160534
780844871
690384490
729230932
731636842
503419170
727355512
663860548
787064363
699058046
725314119
536247424
793679704
788915459
799556880
789144275
699066532
734174722
795067627
787155896
532249621
729292824
884546013
699056857
739306617
666482005
733885749
722838994
737739934
795735469
722789569
608910905
780815358
789783599
737461908
884690338
690923157
785605361
884620533
669782885
881850712
737798150
729181537
787655563
728460807
606247645
786015855
722110091
722939491
783915214
727854937
737376293
533715406
739369269
729431896
534480935
883772934
728629034
783833091
536171935
729078888
727786041
889155604
728558568
787969004
669095007
884905692
699620670
783503835
729769804
573143207
728726481
738567917
783176737
722660915
799335659
789503731
787129775
532594268
884633612
884302326
699088988
571126464
730570185
793546001
791487412
733263615
739351682
786305991
788774405
780290796
699061729
729341683
699625969
884121293
739377664
881038540
789737296
883367454
790296631
789290824
537093859
737570952
780603190
793103471
699630896
514041042
721870893
881471022
575427355
737504020
699231637
539973305
728664912
722040237
699655817
723244802
727110974
884570505
888518301
739361143
693047623
883045013
603955760
881006889
690297100
512434068
792361266
885682196
795472816
783715995
881906821
786173937
884635656
795149825
731774216
699661691
699025572
666224338
734254327
699255711
797088525
795352426
881378010
780244487
881635201
780556775
884516565
790673136
796666023
722729173
666780071
787612838
728277249
722631063
887957544
739358293
737217881
881357925
609637357
789675160
729472410
692899647
698586576
722525300
783812264
789487505
729712479
881763771
739347969
883225007
690833133
727724209
886847168
739267972
722593249
536324433
690360026
739379754
666605663
789898027
601779343
787843954
699686862
884591056
690533259
537986154
530279016
737483454
699647346
881082601
691837365
573711607
722265246
722512925
699086187
885511125
699274762
881791522
729718444
538384353
795415475
787399089
795927910
739345098
783032356
793339491
883181145
799529841
666359787
737458035
790774759
726446808
885807109
722082056
783592486
739364628
727148624
699684055
783335331
789336717
797508569
728378464
536749814
796095602
883278744
789910998
737786186
783456075
571215278
722878265
739023005
739334460
739372651
780174905
787201836
783043890
699429789
690676748
699632756
728745842
721665918
722671520
536223503
660020322
722213234
882203510
798712467
885648215
787472538
795482901
739333448
795860558
789509490
699290415
786399301
729631928
690812120
571496384
793134206
730959028
729131224
693347419
722433177
734444129
786360746
691729083
793593697
721920949
737792112
786040746
729626759
666142004
601486305
787185300
605251911
789796609
535308726
787840616
786274421
737764193
666969669
883144706
737029731
739340906
737280977
783032887
699615305
722366423
883130318
729524103
726599451
787849898
570146197
734398705
884530181
728792170
780507535
607950023
722356427
699213394
727708748
601724337
729083780
796671567
790748607
731143257
727399166
693260263
699202825
699618173
789317316
731132074
883093509
699688090
787715650
666992169
535347779
729715825
699041473
737129095
739330254
535026011
795925520
666683654
789463150
575769251
795433146
698719730
699232086
699660989
737662557
789301439
884378062
727379940
608712481
888246587
793890564
666426589
787146179
575262289
699290546
724057867
789064201
789043800
690942356
789487291
795891985
733441133
722786505
690353920
737125237
729650928
720896465
722910208
699613874
666332103
738341922
571130548
783511664
739397222
666158806
780538742
699099718
881333627
795542577
603420840
882280193
793861512
532098009
690928158
729760740
601970395
734447575
884731495
883081121
780750826
739354931
699659833
699291756
793010809
536598726
668124150
536570214
883314199
699217755
727112266
793796076
790038751
883621159
690296365
729584120
604283105
739381564
789986986
536861682
536439330
728634238
786362674
731575036
788105499
737456211
690259967
536717454
789471440
737105936
727025369
793895754
699065393
664311515
571263095
789236482
695890581
799415570
699653647
793130336
699022071
600567344
699084098
780831769
699259525
729305587
884859614
787061749
737299903
787316153
729690150
699069307
570950681
737743319
799248946
729618944
795974947
783494179
699657990
731773813
791799794
666308991
785160133
722483990
795246314
739313872
881581979
780561294
699007642
699090118
699626747
725442289
795551513
793845030
783887505
572583199
699027317
793484123
669530327
534839862
737015829
729522328
737516289
722858342
787534187
792928768
787792018
739310051
728528069
881523982
734292004
699213279
699232967
884500388
536725261
722263526
728836560
787581369
720838064
788542438
799412839
699665515
883189495
792215781
727291656
789339938
509831521
792552194
884257878
536003795
739328053
536900846
786187041
727122532
666266843
532326638
883067004
799353757
698040193
726081520
799318266
783328951
699629893
661444088
729636838
795627398
799153258
793229596
795382145
787224127
534891610
722127897
730976357
793311456
699178103
727377339
791797577
795941966
728563006
693566887
887208476
733278710
728244086
666901520
534000575
737401156
789895044
666255973
739374355
699669347
724501499
666523505
536211923
884994184
792847970
780439027
699293851
530096208
608143595
667642124
609770121
884364544
881596091
789214002
783722136
789934327
699379650
789409884
789992043
699077891
722275930
729156608
739370342
539353915
699231669
727828032
739231093
699163422
793221419
699610302
739322521
783586107
720827558
666465894
699262224
728623081
793139049
571418234
780234556
789456153
690176778
795357662
795869165
663840085
536130789
785323211
793046522
737430303
722642100
783718049
733974416
881586171
786002632
737746037
603114245
787164918
786268790
691895808
884345367
536960010
786262324
739363868
609516716
727326398
699298524
789349543
884112913
600152095
727083357
728227900
884085247
883991929
789018842
500463657
728728584
572025427
698032115
795909508
699656046
609273498
698536093
536792713
699627690
795455588
607444978
729065369
799206494
536815245
699081060
734293233
728664937
795647048
536101505
571240942
789276769
722389181
728830205
699020511
739329529
699056872
536159651
725597637
699208269
690015026
720841418
787365703
783205840
533167467
726912485
728392114
606811373
722017262
690945382
727902277
723882967
883626220
699265727
786296902
536360353
793185492
727920325
881962291
882902892
789008139
783701455
699137363
697659613
789294367
727754579
881662803
881051059
699200480
730442522
883704125
729585775
600674420
739307991
884865370
699096872
571209981
699645129
739357986
795255206
886929232
699023922
787763123
571334853
787980465
729019245
783195137
660189841
535696368
789758621
729668265
734481636
789326397
729552942
722673469
787477062
536371527
737238185
536987916
882811655
536782287
666930802
884966636
699023342
669687200
722589836
696031704
739356190
694933024
889505267
786267185
722720078
734129801
793123805
783944521
666971992
699654113
690575639
886253891
799138328
699043027
793006226
787568308
883712754
699041914
694365335
692022103
666294182
729421353
722628085
728728371
881392075
699650760
666066465
722269306
722779731
789432522
690439256
793304030
666711490
571299574
725890567
532803735
884183849
786318629
690840415
602804978
783580421
790534345
789168706
884180140
729010015
734405864
881012488
699027889
787833477
699267134
789836802
888592734
881329675
787779392
699208088
731492491
737217000
789015817
699234319
696643173
722600232
534353504
789629758
795443777
666734251
530107064
699644760
729612107
784881007
793783158
729762409
787115464
573885058
793368255
722780345
780103589
880826128
699647843
738677813
536937232
783358764
728704553
728396275
739221479
737710443
789567889
699071163
789199905
793958755
699129403
729364767
698772363
783555396
722398603
728981266
724761446
722890792
690362313
739372858
534720193
699617663
600174045
783072305
727954688
782438807
729096077
799188734
786152092
789178524
602163566
884128914
795994854
699169646
737426881
699667482
883423250
690372938
609530532
570126292
739324162
795041182
737515597
739310536
699232271
795411449
724188539
883723355
789678702
883688059
690643876
793440043
793099708
787287342
789255056
602684695
727070033
881450659
699244984
728999847
795232524
695979762
539355646
787643734
882594494
739331212
783096579
789661972
739348729
602731663
783260489
600946543
737163421
536295799
799519967
884643361
603257586
780633857
884780499
664681092
883374991
739346623
789132694
739396285
666542812
666372624
787274645
789884151
722087930
884646532
793582479
699059585
783624425
699001082
734464791
739354036
733063121
609757794
783090198
699007450
789207459
737480517
699076546
787069733
787652546
727392430
786247981
690870725
660433585
884976958
571426383
666872702
737045175
722381814
536103257
536656679
733683146
699265329
795357527
603831516
699171230
795241056
729460795
729761504
783825491
786356580
698120401
530797663
789281952
883011226
514582186
503897673
883178369
888951833
692517196
884090904
666465927
787708624
883025578
699683528
729044154
884960318
884041764
693455062
784435750
793486209
699625510
722672550
793039760
508245584
737512383
699684971
536590780
883274326
799539842
731326374
780600406
729533668
699046620
727818886
571244610
699006404
731270021
739399161
571168619
883428334
536110508
722899668
572868440
785551721
727816610
729765046
666811150
884303727
885031344
606410117
728172508
793758180
504716364
539331318
881672421
729238597
502609213
883559674
787721574
536649125
728720098
699007100
727746703
881389770
725622523
699302703
787561533
739324797
784766113
666489152
575323298
739385385
729337614
699208601
698090879
739344908
722491804
699078415
722596278
881793779
668073923
721412160
729046700
602401064
734404454
666471339
883382984
789758883
573120916
690440498
795637457
729432181
881445925
722392341
729714097
663931212
607335503
780688467
731108583
699618401
787873678
699038133
601949748
883619113
666967467
694398286
789703497
789647614
699276274
720855300
536097656
699370394
737016963
737167605
734486885
699214461
575519396
699123354
725924594
534599886
723567951
795801727
884166825
536595181
883643031
571406956
699049816
665581491
799470774
789250380
533561706
780551045
692023016
734393185
699033123
536898503
728748832
882246241
727736719
727013994
697170005
511531536
536204061
793091743
699669763
883072391
787360602
780537970
884122537
668351060
881056711
506753078
734173683
734188648
699624566
737373099
884880980
575931233
793101285
787329200
795249180
787445202
884907926
739285156
785794476
795856842
692786602
722167665
789191254
664030945
602611833
799247399
733510349
883709315
884190819
881452215
881092571
699637524
883609645
666146418
796575370
784652529
729457782
881651166
731199696
699656557
728390574
883016309
787454615
664638316
693227950
690898866
881886695
536315393
728269550
793656197
783647445
737702713
666003400
729575668
531328664
699278586
728244305
881990550
575904454
699204764
787127005
881348183
787128599
881822141
600266219
780753302
722823773
792860941
797851639
885649873
729766868
601787745
783033739
571179561
885643217
699202601
795316297
734194610
789452659
785411845
734151260
728243722
699689411
783424696
721281217
883357378
737212940
883242608
793728110
571252905
608155010
694012037
780833660
605638806
888295400
739361644
699085989
781485700
666721355
738724567
699039730
690083042
737265683
722585647
880150394
783400619
880333705
883903168
729035889
726492199
881235112
793484477
881650785
536404516
884010683
780110198
733789408
884676193
780788422
699617877
692060408
729766012
699036259
783480716
727388234
787945358
727292503
575684852
699051741
699056765
722825046
693934594
737060930
699206677
880610008
883278922
535363524
793282638
699201490
571102030
699067096
787218777
536204242
789956273
737543579
793963974
690303406
602469010
881820550
723828102
793722035
721381550
780209784
784785597
884355495
699477245
722134839
787094445
731010323
699243726
881667775
666337585
884315312
536017644
693629625
739378438
722599843
669967814
729376234
510285452
783365037
730823425
799357277
727392477
739333788
693921246
666195881
739011271
883901454
883283289
881943745
793202469
666462118
533267537
883138002
785987853
884867056
880793677
783021180
797199539
571466045
730836881
784757873
666331316
666912247
791758814
739340124
605920889
734164864
881695854
666931840
699657334
600443198
572083126
787274091
787432733
534122885
784248913
699284983
690006635
669134727
883205510
727006304
722576493
608877975
795473126
722959038
788848751
604175745
799162098
538780696
665910339
793070773
699214207
781667959
795457903
799307756
881556846
667949340
536644768
699655474
728723914
722680448
787650550
885359494
737740145
728950657
881261565
880337343
724079985
669695364
727889600
690497398
690057451
795365711
789584910
666845100
793684408
789657052
536489179
722558246
666223610
884806485
533435828
666356121
608566318
604365840
727187851
787250101
666594669
699040060
789443444
787976998
534268114
669139848
733016689
739339804
722505756
795482222
881532394
666166338
793924705
793863001
881496455
737120262
739080520
699036993
666304656
884516903
539792579
727095617
699663364
661021552
884828466
699073328
786042084
697253210
883502171
737643609
884810751
699209894
500592831
799363356
699274286
721350282
780241863
722414567
739374269
725715104
699034380
783348300
798971265
535059615
697452682
603487925
886371899
795866286
739273136
601128093
690872534
728408464
570669046
880859484
882190306
699210098
787954682
729453607
728391178
575160858
666521422
887698582
535225395
795375562
536943787
739056045
797344950
690127782
783037275
729768385
536022972
789721635
699111145
789756829
699021509
690634620
690571115
603343027
530740938
731201060
608844400
789207036
737345439
728770631
739322360
690344699
886069927
739332316
889249834
737553759
729383773
795948610
699210802
699297559
727238346
666852487
737283935
728751199
787005052
783105036
737211479
727330568
739325584
571244822
664680674
729527813
737782829
881479284
729762488
785452212
666285500
883485705
795908971
729374757
737726815
795163005
537550181
787711791
536566643
737592292
723155095
787987330
739201733
789629370
661263446
728729968
722386797
786093714
783616978
665953364
883122910
608325118
787322946
571486708
699021424
692066933
690833070
725755086
780569123
720860368
690320255
795392761
536183772
691545148
739302855
729379864
799393550
789652139
787504956
787299670
536656847
799551699
536139776
787456556
571119333
666485069
726109839
536629586
795930029
722523384
782021923
699093629
795901479
787667179
737305558
738737805
880731230
888367033
883157157
887022682
739361320
793116203
575594195
601662962
789067921
786286858
699668976
699619774
739310016
789766800
533860321
534353267
795531080
787403514
784563230
780107650
699680385
573446952
729715832
883762965
722168525
699251503
729254339
739300615
731289587
722459939
731919233
880207899
573476653
789961725
725799740
666492347
691112467
729359930
796377313
795626559
518273445
699040999
663281568
789247204
692725333
667552514
881510211
722262937
699257963
694519100
793095673
781714274
722324953
666345780
722718778
665936085
698314073
728409183
721418419
660019490
722764137
699048130
699684701
690517513
881511210
661827047
722995289
739392961
696545140
690064245
661271194
793853878
787538814
699257920
734282802
572829422
699025973
729400520
722102593
787376881
739352825
882094247
722559900
883987997
728113661
695040394
570854029
789622974
661174148
694675438
608358562
571358319
783721037
789503307
604123996
737546148
699294143
608887099
882893861
789498633
666073312
784981562
510124242
789444933
697657378
795600842
727188214
795936334
722717077
666864524
780593572
729767381
729519593
665159498
795538480
793751067
886909736
787511859
734473749
697588357
882480729
722512568
570141129
789618537
536306819
739251465
699066528
696591999
699006685
666858164
728440353
699068023
780647027
729355358
884862425
604328286
885275184
795732547
605922334
733574161
699263040
699668840
534612863
793743968
699021955
699631193
666355751
501794084
666490194
690153790
739384325
696787468
799425503
789836641
887661214
727302679
665076354
888505937
739084519
536862398
883068133
728653592
881952625
783137504
666347530
570625364
737632548
739366827
721084632
793538371
571418790
536556792
795188951
888574976
690697664
793858404
571319119
603408928
722453872
787890934
789385235
883754971
539217633
799170862
796831124
783843896
669208242
797627403
699262469
722886759
737779218
729015017
571153533
699197682
666118750
722267456
536219966
737477113
728621173
783054752
665878184
783831540
699689697
722791621
726310174
789672524
729763493
604828721
721916669
696897652
884865740
795969001
789114507
534882603
883635613
884971212
666007716
661196420
603918872
699215791
669890454
728102018
663657281
666395384
883739067
783829630
783553701
699202317
783131751
722948581
699662348
786285538
793167300
783650344
722463814
783421473
666691870
690692279
530269390
690811214
729268790
795525906
789461585
722840180
787314128
699212421
737764760
722042829
722728463
690677726
728798705
699005369
699306714
739300554
792572419
571394070
600438622
783983414
739387925
787048787
691216876
793433812
799363280
780634372
780506758
727198955
722818659
722344564
739323519
727161098
699257483
884072600
536579235
793291540
726321632
731070139
699214065
570697334
789801529
535741366
696108663
537081171
881223404
694248203
793805555
699074093
727397887
573388001
782160386
727766008
666877450
883910986
571277839
789807288
665231954
793258450
729763958
699093254
881962218
881908281
739310190
721873330
536027193
797622067
728161974
536784577
787627038
739369617
796552380
699686632
663922638
734365020
666600311
789390071
532991224
536766123
728527763
884997255
728103484
884239934
883626756
793768147
536109448
727276975
690516486
699232247
881972053
783161056
733502306
662527537
783174920
722198723
536283759
780196039
884723487
660431424
737015939
536894822
787600031
787149200
734373964
727144093
792063118
699271307
692008253
793557834
536970131
729027660
730638775
797190936
699611334
788813774
571258444
739327276
784191007
737267883
885419539
795702763
739369331
690566895
720860075
537291712
570246815
737246223
699329707
780226425
606092095
666030847
699036341
739392024
734379841
699020795
666554323
739370443
792169484
799306605
699006129
737165091
739349704
737707759
794759548
722834809
699202933
882238289
795611887
537368036
737492235
883373565
787728290
780166529
690206852
722250707
604098418
793474110
534598672
663488303
783315128
789750958
722641342
793971671
884386217
724973192
538567411
787054197
690155403
799532115
723875520
727269882
728849146
881048610
690144572
787658592
881395410
727151570
739354630
795595903
691635748
881934551
729523310
739338864
739360532
737410855
575039082
727189025
737319297
884187952
666103213
886019140
607295155
793643217
699072873
882138325
739329220
536579489
667654769
885590614
795691001
883172532
690944436
883013187
795501921
789297152
535930578
790568903
787440352
734337295
690110140
783527818
728533262
794841379
571285967
660855693
787391185
793537078
737275102
536187329
884870493
789553381
734373521
699364116
739383903
536970291
722160705
609654446
728113191
739399667
666827275
739362481
881348275
727959439
664046331
604538036
575389284
669298268
605097820
793935804
728814023
887048992
780540631
737523917
690092539
881272642
693432481
799455236
513841199
734304179
737069089
536619373
881929527
729178776
783875451
739316914
699618334
699468354
666254903
793682932
667159757
536611267
698026589
532007109
793797777
722060204
793834422
737248620
883235522
699037510
795997218
795706353
536958308
783739680
737786961
787976388
572345482
783361577
882719667
606586815
889565834
739370406
664390630
780292059
571348525
789596378
795642344
884321578
666909328
787131619
734304166
573324272
537180388
795627056
722779349
699021951
795264102
789063530
881215260
699262034
795427026
570845975
737737334
727299609
535502717
727048391
666548767
531284287
799437638
699681793
699686802
783440905
799393724
728385213
883963405
787366798
699681044
600286240
795489926
783912274
799510379
722503015
881061706
884395840
884688068
666800553
699005849
734274515
728318004
787979912
881042050
539325585
793559127
884161526
793464625
693807194
536126144
728456220
886389133
699025055
667818061
691819206
729611865
690230326
536829034
739381739
734101340
731607480
536861786
737588386
793354687
722364894
787187309
699258092
780211405
699649566
739079818
799186590
692357691
729190993
536823736
783317930
571295032
786263510
739230614
780681632
786345739
780120736
798571213
601650937
690637959
536752375
690991482
535451096
734152671
783053988
666585196
739072159
799377418
733344437
883689297
783511546
783820054
690312076
729409735
793042803
722090895
668055185
795311082
780932823
607820534
602560525
728186001
571254288
734381590
699298243
699056890
881655205
799420174
793103055
699280014
881954163
693041275
729227163
699271226
781077495
783474494
536042274
884634101
699023646
884924693
571438349
727906453
789012441
784468414
696844934
783572827
519493522
722392811
531619318
727177339
733654526
722852516
668730078
727825920
690473547
666676219
793870379
887001875
722837528
734420374
783731104
721254622
737686964
783753900
789425054
739364256
699656089
729595595
793739973
883979599
888975651
699088545
793236177
783699976
882245107
795468899
666147277
883102431
787040749
783835764
799245423
531692598
793067876
795853636
799581371
699202586
734458189
793694707
727179607
536041108
699022015
729513565
795217710
780512600
666768749
666071040
885813558
699642115
699656347
791367822
666500793
536796771
729083731
666218422
783184056
667367478
881617904
729715783
536744932
690200698
666545052
699042420
884870311
733338431
729764813
793461537
534551472
795690218
737463837
796900845
699210628
690120041
737543566
799320076
729150658
789524214
798552629
699033503
699268543
609117787
798262374
694271786
795031037
666897173
530323903
536758270
699070115
699069574
795564303
789300035
699244525
799228773
729072024
690648381
692412664
696100650
883776521
799184072
795495644
737087437
884369025
799126743
666014363
723702818
699667747
722705014
666001633
536949298
666620723
793801771
692272416
602322116
881826055
539221011
739399920
795112608
881259025
791681940
737085190
690944476
722022596
883580834
737605287
793007510
737171153
517187282
739380611
699242496
737787078
538708575
737791717
699098601
530503885
882356110
799346624
886393707
795687148
699640223
699045770
606401615
783079310
886797734
881930032
734437409
608798452
722566664
881052749
793406096
881413374
699070415
787382075
699282571
787109093
881387879
690354783
530422413
699614599
780560212
728611789
739309000
699265966
699294817
883022663
783492042
780107891
884031185
699020401
728845351
789651710
787241292
793942797
660570328
883192191
783612105
884896548
793444936
881321072
605364243
699219438
789141540
536933856
729762071
884879942
608963294
722027755
695300588
737788519
795854438
881397503
606618330
699623868
737081917
722150807
573631174
539493074
729340267
884329408
533467047
780429556
734271168
739342058
699049624
721644584
795016991
792748172
795915343
690311305
783133228
883680774
699074827
699629454
882262108
884307916
698081441
726198347
734403774
887586560
795902328
699001923
787669419
727003515
727708657
883048256
660424828
604535426
661829634
783251076
536251588
533473659
884924431
737253597
787255772
884066397
793911601
699283539
883699074
722025663
699686347
536196800
662493583
787429470
727260002
728482583
699635512
722748640
668585018
699639380
699048022
699141796
789780476
728923684
793363413
609712676
699290443
789990629
799175589
536765441
880415756
884287138
604042560
884357484
734153384
534815171
783629431
793669687
789516986
739387606
884585645
533055930
794335742
737032401
884105000
666327478
534251355
690521615
787813765
660579642
699209202
537398020
881065868
786028181
608005810
888743953
729560043
783245222
793225292
799393427
884884668
883913041
882250649
793376757
729468699
721360455
722821986
533146383
739302831
794081896
783537882
881980711
722495167
782722390
786062098
727107385
729393421
666833066
780272362
666675436
699285694
603952184
880363740
786111492
691473929
789408340
699204997
603304057
531533291
722342618
881066706
728488924
729687037
665936962
793650552
609783683
787222330
793923194
666071549
739371473
882269470
783302635
722694113
728481983
698708289
789916763
789190933
727143508
663431341
789857048
786195262
789191966
789833266
884376040
737560643
739304715
734143051
780588853
727833789
886538108
737303876
788153694
699055200
728434255
571174833
881828149
883242762
787116758
722186423
699283746
783341247
731785315
883292215
666320268
793589770
733365593
536347157
604896903
795692366
731077275
884610587
722673921
727307386
731721402
795608451
883673697
793927124
504270375
739008700
881096190
539509983
727108937
783304742
661826478
729024433
668730027
727262893
690123812
787007776
739392872
795518501
789172054
690533124
699001785
662154136
788653936
729522134
661494855
883759527
739322171
884242859
787242720
690487639
733957624
786085014
699643880
699044618
737567684
727914107
787810044
739335237
789313657
693931011
787941930
793450533
722051697
662424566
881860235
663113795
883717411
883233487
734310966
666556863
796238668
793054142
600691294
722757976
793119022
660628859
722405356
789635166
727064966
780522027
699021563
734447781
690449989
783290935
727171726
737514347
601998732
799256864
699026510
881267469
699055768
699650907
694609918
786174745
883280854
699280267
793187048
571256798
728594509
797200682
780192292
881524786
727044007
575864887
603310842
536932027
881080514
699042549
666954947
572883649
699008184
739305149
721623433
739347829
690056151
729472731
737061827
536923743
604100297
784080194
571158366
734437518
884000999
739348971
789229859
606526215
728402320
666645231
723214239
791887964
789660987
699234107
727267241
787529148
787241068
799534412
722830836
535685521
780274823
728510922
536681942
799366650
787803083
570599033
533794274
783846894
666045140
799516057
739309388
883965731
739315291
571420210
570067985
734178461
881007188
538610719
787784888
792111107
884376619
787216976
739247083
699048700
690532550
725889702
888417435
887145580
729254935
739375947
722286033
664639591
786054788
737173747
783388970
787609908
722791312
795414755
795618203
884097131
695821682
737779350
536302229
793210906
722867607
787271455
789174436
786338065
536669520
729760223
787956950
669541369
531532724
789434233
881538946
666917924
783521264
699610353
699267318
729521356
699215852
699644604
722713010
699046846
605021977
881450392
602256653
660097375
699299740
792860748
789152003
722749428
883263075
690662436
692145622
737667365
884783323
699008698
536921044
881909556
784946611
722730353
729710300
666315632
793015676
786079668
729663698
787349173
695517711
690626012
880194795
887164767
607206054
784264784
795307001
739068544
690976238
692298784
666329371
791292861
798935710
793171281
571468453
722565589
888407660
795725190
532015086
883758727
795146835
783593506
884693004
699126970
780163422
662053705
537086792
729628751
699379059
699254394
698901727
881300705
538592439
699282483
535225797
724163628
699145967
722054767
666689378
570225216
783975744
793715316
786124341
881318039
728297691
729361313
737073316
534459343
795437547
881696321
788057593
690522519
737300857
734493870
728457846
883779835
699657076
664175126
694939224
793708324
883357673
699098754
793779334
739329711
886502658
536776229
795238740
787005961
699626968
783152978
737687644
799159062
731208053
533105982
881693220
795456504
571472420
530964988
728345333
699256100
739327438
699089717
787568602
795404729
796705867
699624268
729767957
799267373
729525576
737421034
738820227
729277248
884947152
795240495
699090389
690531998
793999372
789375626
881944899
727371076
737329450
727904869
722849413
787678907
793032282
785520466
884824215
793597366
664367191
884390513
730397236
786217211
789764435
699000644
692632125
789208936
795918065
739365205
780698679
666223026
884546001
790257587
699247889
603694975
722413316
789280981
727945204
602284385
787776907
536854202
608033708
783767347
880016820
731547605
793896932
728466836
883773326
699020577
783401686
884748078
695552777
793164586
739288260
881391883
882735620
737454168
666585328
722693032
699001392
780617316
699637276
883112316
783724519
883024325
537565093
790281585
795841793
500375681
883196731
662520217
731869145
731336464
884129437
727186915
789849326
739337624
799366996
880275351
573311417
725583126
789343944
793565079
737406077
783645772
531739773
799564864
787952458
884200820
793371641
729328998
889629945
720810580
699625564
663055405
535626191
722085324
796256465
783065230
699090344
793631981
787708741
666763936
739370665
737720207
535681329
786230528
722267277
669064438
536524086
539415935
666949990
536031968
881701207
660508657
693620077
729077675
666902485
884154747
728193558
693083736
881682441
571413596
571232725
666618828
722911722
537811111
793745161
729714454
722756275
884182634
727928229
883070290
609734160
881505671
722487461
729760979
739284357
734423656
664239499
699610268
660031118
883156215
727901423
798590515
571357133
783997772
602887681
728712816
789541564
666102905
690283118
573245931
728863975
884995747
795891633
699218696
884239735
729760745
699241892
690338133
739313310
783142250
787103346
789206853
799412698
787452141
737741273
883603480
664978842
737753319
884647209
787208008
661204114
536446302
739377246
793679773
728967572
734262041
530923041
799325442
789946530
783669139
783451326
789590419
789316538
699657843
739249257
884893074
534081812
787977675
695755731
536233943
690129991
793338102
699079020
729181149
666856247
699028963
737600131
786254743
722508317
794046468
727744472
536561064
881563386
783861610
883227905
795425678
725980635
722793778
884744488
667771293
795526735
884553166
739308822
722200713
669958833
728574022
699193249
737231589
722544569
666840868
883112542
609664212
793324583
739386258
722893886
693570001
699094640
669283118
883744841
722504405
699687789
734243995
734299666
728267658
737500185
881061813
727214827
536872642
666427122
699498832
539961518
787050634
799547841
722228065
729491822
699622261
793838978
516670676
884268880
699043521
728673418
728408494
782879767
666377696
727997318
725048536
724143118
884802941
795218832
883556229
729160747
783618441
699281263
609949307
731685874
884108309
781855567
692231684
570939816
795184927
666684086
883562576
728326679
728985296
881586169
799286116
727809932
728345986
699657612
798215660
722717862
510535536
727985603
783910785
780649349
783447705
881539139
666425102
722209496
699662065
695762425
734296179
788375837
699036941
789441648
799355523
783301764
881566124
690395279
881779998
729259876
884065178
699040844
789114939
666576967
795442463
727961481
603619593
786226778
690147703
739288680
699095505
783928635
728211399
787778282
666331592
883620101
737100641
793809634
889285756
699025833
536375084
665380562
536651289
729656859
795158592
722704958
780266773
699662276
739321489
793145515
699082796
721308531
695303573
727991624
791630908
784731682
795680015
725456949
789549541
727897209
722490904
539154609
727355553
530818291
737100625
730767839
787780336
728413082
538852418
728474920
795660399
699644798
722539705
737497344
728364470
798115369
883043815
797509188
739274408
780270102
570765869
793553897
739247795
722903717
722467230
666067585
787600436
666813604
730402609
787860449
535163288
884013748
665076843
734310179
729056775
729197514
536406952
694777663
601211973
666197953
780199480
699626259
663470956
699286348
799472551
887483207
737354332
780176711
601023215
884831303
727031042
538895535
699033835
699653951
733545290
699290549
530487967
882254815
787486703
883998606
607026631
605041824
881319723
881294518
784238945
699050094
666028442
737513777
785849589
536520763
536476422
536374662
699005487
575897744
787654280
693935646
699648111
727888237
722109737
795753912
799316792
782936539
727326072
504194220
789047915
795174510
537240124
538374298
737529147
573141780
571482808
789804040
691218031
571293442
665429698
535475082
694346750
783013318
881725645
799332930
690549284
690905519
699627054
662611907
697152886
737292529
729555498
739375398
728579618
729715715
727704490
881806529
738316617
697905910
699636608
789750047
888783562
739360234
739359348
666697855
666928852
601330465
739040726
793382254
728693069
729068852
799362684
727244974
739351830
795529675
739053144
884010464
796433098
883178792
729712073
783341646
881468351
699666243
739350150
739305599
793305981
886781051
884185559
728894752
888010771
725104037
737227930
884757828
786012350
793446817
782866782
787169906
789380596
788833556
789180227
799429850
667069725
881699019
722703006
666706066
536851708
666278462
728209408
690679987
699638987
693416495
690343121
693239151
729550212
889424481
789827396
880469564
889768558
787342902
699335091
783542860
884911905
699383918
787947562
885108075
783457590
690132240
571273426
738365383
571485726
780524088
883935749
785954991
883515476
728835463
882978770
884556854
728244427
729408231
739204880
799356058
786115250
662316570
690577582
734109539
500102565
699232265
534040028
666197791
722670287
793183147
884346024
660329219
722381187
666657570
739327631
729715386
781519817
536944441
727903293
725395148
789558835
798634646
535611204
884632642
883105122
690416780
728220134
536838084
722617122
699622993
787310799
729719742
722988557
881909310
793395237
883175281
722087755
660729294
728767123
724343945
534725625
664814604
699289716
783034256
690069419
783304407
728661536
783956983
536299062
789465538
789149445
515699534
699654545
662986407
883554435
739270711
734352232
603310713
793006975
884129386
699458481
780287615
780136871
787520246
881001138
737049501
734105911
728645413
536727211
884593229
699322982
699626219
884607214
787735970
571194418
799149382
784850618
536061703
661624638
699626523
739215164
734201349
795384064
885865480
729070733
786192496
536680728
793380172
723029916
571306075
699253742
725458010
729230492
662299282
881835319
737194949
789770450
510874136
783796169
607481747
734249114
534762768
795305519
884203707
787098393
666071153
730784774
795498109
663463909
536353648
789091114
729764622
782133905
884224621
786399509
884336881
519228105
534685290
787554216
536317962
722490404
795506034
783748883
699685861
783604700
780535884
730274865
883531943
780556382
883422432
799505852
699656231
787939468
690859627
691684422
787641632
881856403
667244624
787374069
575253876
795277335
665788863
793076708
882122195
795976578
572504886
881406737
787012803
606534159
793835159
783499902
881046008
690813586
666515945
536686866
881942484
884628828
699046636
690434002
690333248
729143775
722776220
884321968
794473395
538282650
799526743
536130732
666833893
535758151
737535018
663833791
575354772
884258957
880298412
737570897
662396073
726231187
783801914
795497208
699657527
535278287
793445042
787107973
606960503
728499528
881371795
884954310
780310003
795539623
737214750
787056995
881680197
699069604
699091423
722183303
780237668
608232785
793789086
795023492
575340297
792210431
883607495
733104167
722473298
881437152
883509893
881998560
884706998
795790386
727223187
666518163
604981297
795593124
883717316
608012263
793426111
786361021
789620770
537305643
729182260
728934617
792171279
662888146
728629965
690188245
783610080
727958644
606139520
883332800
722794759
739319738
734480678
783624908
722202783
722543114
783628535
690907272
739382948
699632303
882207725
666661487
788628514
699093869
783281048
737130797
727181873
535863299
784654572
727182862
793748941
699260333
734340288
798336511
695072453
727885189
787579480
690469050
662267728
783925698
604159622
690862804
789738803
737630803
699023070
727201614
789651172
784579310
731649344
799395148
722463114
603350472
666092863
799586053
727269340
536356085
739042654
571233471
737070155
609924311
884664150
605537235
884310679
783850830
690094338
728335856
788271259
728768333
723781336
699235638
799327156
884836725
799123326
723853378
883410456
694162890
727982054
792532911
782300919
787498833
739316069
883923967
573701109
737794540
537042207
727737330
666723639
884135426
699205194
793483622
699246054
664106778
695782560
727186599
721119809
690252833
729564330
720897087
666083225
571105220
533747187
608093639
722329700
722980849
728947544
739396098
799436017
690999326
504773761
699259669
787854376
739351892
789400532
790190752
667247493
737431495
699092731
722965417
787975080
787609331
884503120
881950996
783354418
538817196
781565331
609331250
669818016
786157086
737342908
699022543
789919507
666400835
734189813
738818852
699277796
699650759
699648180
728356957
799272487
536505390
739367540
795749977
699240792
787503377
699373477
536393800
796737514
666019343
722613628
606169371
881771339
699681408
538251472
739074534
793127495
788835615
722089545
662103571
690824067
699235926
738702010
792590958
693915912
699026444
575983422
797487345
883415724
727397257
727244211
699297898
734329278
699197008
789248845
720827929
728444432
786241484
789466503
884659728
795893772
884808987
600423679
697658214
787374806
699642949
783783429
786119865
799427600
789069201
699030294
606912821
530771500
669251302
793989840
783752698
729597185
699042992
728743337
793847774
572245283
789991634
883903844
695355214
604887138
699025578
884255658
699069446
699274426
571314585
690614273
889093416
883588851
699266200
699237743
884133940
734496843
883113333
699081002
729300547
795483643
695656517
881729574
793048302
536457454
699089384
699035288
798731907
571240672
698607283
881754653
699641992
881875217
730077429
880835174
666697703
783749897
881301951
666408834
799466321
699632596
739366748
730498957
730188299
692130849
783091763
699271750
882279277
793270678
792216564
727049902
791996208
536307865
799448626
787472347
729486009
733959523
793899220
663574758
784235566
729577198
737182470
787232496
738766247
728808278
699265047
783203076
727793511
789742451
729718656
729591756
739346882
783855896
722463411
795405878
727149362
690395098
889980425
666558526
737253047
737253956
720883694
783539087
793106022
699247896
603538363
728707125
606985432
884727651
723858204
572304527
739368293
537002909
737068731
693766314
722219963
881735677
729604114
729114653
787088485
607537253
663244009
733321748
727952030
799176625
793524567
729342570
572641019
666283541
722409281
665000747
573212371
881714318
695168217
739346049
783005933
789515809
795308747
699663686
739329624
727912886
783673266
609476845
699092507
698742730
799381819
536218590
790117629
791546967
882260507
699444633
787582761
791943848
537996899
536294679
724367659
729645308
783487460
795846354
666750194
883262882
728279568
699063967
536500723
793228616
791146657
737627562
661027721
729655529
668505433
699032716
699259786
699628898
690883273
669840997
690139411
602646209
883785075
795678016
699098705
786046455
728854861
789016246
793892373
699024423
795055498
696071913
695393780
690586169
789876717
795875406
722675577
666767514
668495948
882574082
783056438
721587238
699024737
728888555
789882074
734478040
666680585
728709476
889598624
798496449
783929530
729387133
536082338
739343403
739395484
699037726
795424317
884273701
699652158
699685368
727210879
787321142
609673561
783587254
727184327
666079668
722514531
737352367
884649070
729616599
881992121
737518792
739305650
724694022
789329883
783020285
699297593
699231622
722652389
575047516
881854371
783014996
699042768
666157098
536854532
699024011
784289968
536177471
690696526
789825932
573661690
505114966
728377874
699267227
731044488
789818455
669489472
539779631
727708144
881534533
572710841
728419606
690587526
739255324
739393669
789401350
734288793
692625256
881284305
729715393
604037982
790157314
728736977
795411773
728750071
786296635
699082135
727132728
737093837
797195900
881074097
600466825
699480056
699291588
728877144
739331441
739068464
884784771
734488470
699639032
536302769
699233117
699650129
661769538
668860137
694931125
734473787
725599130
783071780
608039430
722842632
572377329
734460840
690575318
797693213
731879708
739324197
729453966
795940130
793359340
884148639
791227899
780517989
884839922
601407468
603146148
882755603
699050125
881314043
734443038
699638232
729136948
536620243
780593516
539036589
699054841
690641529
786332219
531268242
789517366
739323558
691152890
601997602
691134315
789699636
727751796
699241556
536406807
883689946
783055710
699046960
884667435
699050240
884591360
881740752
739362493
538301855
669667811
799570310
531225433
884709442
737514773
605092383
734465702
731283896
739322925
737484034
696696618
793971594
728195824
571123617
881286227
503382453
883990456
793320531
793046106
666467180
694892202
663679022
789692784
794827852
881327684
883906852
722766490
793639305
884276475
604450244
665079082
722346470
884352434
795352468
799436227
722945686
668127481
789208612
727311146
604473225
727286511
883470296
793440999
699286714
603975861
739324601
884553717
881951277
881954003
789394760
699206136
789028804
885136576
606058811
883996741
780259820
536311619
601295397
727296473
729598919
722025086
536323037
729181849
728967527
530305511
795299610
666853019
789498430
699071775
789903078
662352097
887249221
731455305
722371720
789030800
536285827
881093060
787381317
886878788
667725060
699333865
799337558
882739546
728412640
666855149
739368809
532490552
884006673
737293840
699247099
690674923
532116968
789640368
699081036
663208315
883383807
666239900
783909854
699059879
600247249
699270576
884788494
538698554
572119479
799260120
699651333
690640406
728945489
669433257
789044074
660292249
793164498
536193911
533218644
697342932
690121152
784869460
739330118
729619109
728612266
532799677
783312583
607007069
601257641
722408365
536937499
887332072
795729365
739201292
691685765
795882222
668287324
510727624
784056751
606785336
699049538
604230008
739365431
783445336
739391569
788196692
780656140
722189760
889109997
536597251
605174582
722278432
737503889
737231432
737368505
699054110
884807215
881992617
787791214
699284598
793979239
724480386
728587161
787027696
883464352
783501740
739318526
728710314
739309678
737267027
699148107
795651404
721783295
690244538
699688686
604594759
739327542
722979879
723640973
780214000
507588058
699076628
793766026
699058000
666272529
786268839
884753670
534798286
608114856
699210391
881029331
699071190
794768741
607273537
783537947
796629828
722447486
793222897
693514952
793914344
690134773
609156793
690072079
882231961
720847527
727846185
783657040
786366570
787531761
737077763
792761265
793582836
699076026
737352905
536951215
722660633
737235492
884798105
739317944
729538589
786018602
885438258
572261076
697083390
786354293
606084695
539495106
789039903
788814285
884929468
793036470
699087996
799304436
699006728
536678978
798626382
722298461
737141585
666730859
884871791
729497526
699257104
790132544
533452916
666602441
739343927
727771752
729252173
536698599
783586352
699042621
727389495
799293945
728193187
728282138
604778053
729579355
728228774
798598178
793819875
883376922
536640447
666948769
603446463
660725583
722789872
785775450
789091172
884060290
789422581
607782219
694487671
780262487
604785937
737016994
789601406
515614657
883931953
787733416
799214466
795623144
536912909
690611459
793172250
666019237
793704887
699052198
884321179
883220443
722023763
727266792
796050819
734222585
699089594
794480076
786092033
737358827
737175872
536293071
535825268
728584598
699025554
784648198
737542266
886272416
883218900
797682847
693895251
663772450
789182672
884333343
722463578
789984583
789300499
534956348
699415282
699441848
690432645
573714030
731127858
787668085
601994942
780116985
728510008
787098647
787967694
666788308
536212448
699261389
783473204
535686941
722864724
699205700
690955321
881487706
722441972
889218971
734240872
780564231
884656778
799154303
795689522
793138166
665663990
727260361
690809009
606927036
723829421
789837616
603374325
789263876
729021044
734286511
783575845
796319176
783370984
783852843
783973571
690878856
734493217
608173466
511341917
783520814
725186404
663150429
690252479
888572082
787606153
573936415
660690273
666425420
728931244
699423896
690651920
699287464
729582061
572957708
536665893
787373626
699375914
666109016
572680566
884387867
781932292
669560236
727915339
729222066
795671176
571201427
789131578
536174508
727087326
884641634
739305830
881937870
729031356
730207128
739392652
604038712
722522321
883396834
883216470
532692258
787551782
887305544
690284157
799252452
793853627
536052221
793103119
696157278
785461923
882209270
787453189
698502479
789354071
787479199
690105847
783689472
690027880
699117519
699092957
785464159
699049062
530098313
783720238
699213469
663238615
793618907
727331916
729022123
884838722
882225849
783201203
727342355
880426567
727989522
885973140
663407068
699667964
698616852
780156627
737608819
510439741
690078250
729767780
730185923
728430793
793555031
699629751
783162852
883218648
739362025
885800290
667722643
793981899
699649243
730477427
793140653
536048122
728134617
788908640
571311636
571198047
571219819
881556248
884835395
881479471
883145278
690063392
884783007
690022555
603810143
881346653
537926074
663236559
536915015
690181149
787498894
666079247
694838037
572783288
880651929
607665203
607372221
789851161
608665734
783079391
883083908
787797557
727383536
881634429
881078067
793730409
690921272
728108700
699211151
882219485
723124486
739311560
729425376
729619032
882550082
795436470
661708028
783478590
783541932
789353189
881363688
600017713
737421907
783184435
603145644
881430813
697289643
699058037
789707438
729768282
535847550
881610477
739378932
536622870
790644610
666686833
661521980
662647435
666653587
538682004
787598509
884720280
739335216
734105231
536819027
699261936
666864913
739331272
786162654
881422943
783553054
728809202
734156903
795085022
727738866
883292579
738857983
666292256
783370691
881564935
729230944
789563520
532372054
509906175
536825080
739339543
699683302
699689216
666496027
883348988
787286990
786244058
881828980
666465191
729496685
887589117
699683236
881553808
795468273
734309845
722011363
666953291
729042128
793790126
783994119
883270726
699252021
789179813
572239206
729710656
739382479
729713215
570854196
783587993
790684003
728226851
608467880
690972736
690535811
727195255
502197821
728914190
726835794
796200089
884733238
787051903
737306931
793869608
727048564
783185583
787000784
793698485
799289490
729066962
884591210
783376751
666692999
723575291
787463798
533255318
728256198
730019663
787688230
662641387
793086689
733656647
536822079
571490463
690338832
887972562
666945405
536317257
881668774
731674363
727924673
729487350
723436281
884333108
534506284
789271107
793578271
739323194
699273538
536987961
882215577
669916193
722661067
883067231
783143947
795647175
790220435
786288151
783004881
727221410
883177136
699455196
690490105
789984748
795889220
789193993
666651977
795234721
728501431
793628487
799415240
699054435
889728664
690655108
727997952
789670234
793429056
881910970
795418508
699280031
739343519
572273705
739316368
690512460
787281659
786350424
789568951
699247736
883305313
536494419
881545993
536021923
728262770
570818126
881332879
538542844
605890664
737574264
690190770
533898365
692977652
660390330
699261668
690695882
734127980
780572733
699657763
780190680
699299352
739335137
728327165
888904504
739087192
690968910
699035847
600832754
737384761
666672637
880351113
795503788
571175294
783591651
729353403
787842984
739332931
690508078
690085467
571145765
730889452
799420842
885606275
737561696
793581123
729267084
739371737
737405747
691366626
729712288
881550213
727996552
722099336
795885344
570482998
699048436
728689690
786226226
881878401
795736756
889984761
737394106
605957835
795476769
733345631
666274031
789103565
727910231
739073509
734357709
789812854
795742910
799224929
783740704
699435350
722800512
536408792
733937359
738178083
537642655
799453192
666235816
881499318
884619881
883108195
789342056
722054241
786305235
666714973
796109576
784670073
783716041
726539762
728244583
666298109
536175569
729089981
603163239
722131545
728983054
780251011
722718662
787660538
727054504
573632823
783107260
537607990
783203785
881045508
799306155
666644701
883778819
737045845
737756482
883437447
666210499
690909274
783277246
793637977
699680559
787280411
783121421
720825281
889323023
695060826
789698663
793743339
536989619
785324826
666973226
665054063
690388082
798345900
793701501
699002231
796713650
722477216
883165153
601770107
666089750
690025835
699061712
789891961
690186447
799330216
884056498
783546892
695465729
787501962
722369552
535771139
666422336
793858480
727814008
728483040
699274661
729140683
882946711
727819901
787390280
660198529
787415345
699257593
734237566
729381293
782562432
880728193
884113137
729134431
883797372
691147527
795999340
789933883
722279181
783156668
881941080
690923434
886827857
699648821
666020551
666251578
691233738
699054207
737665042
665979449
889803260
699045489
571441524
729541109
788568250
690074171
884729733
784542921
881937829
795719863
573810837
884139797
699097511
728688902
699056838
884359747
722365287
795590213
729714996
606386308
795331455
780223623
739371784
887223925
793639272
796767490
605644321
795558009
886565084
535729617
787820532
531545435
884044547
739328652
690586164
697966655
737131496
729762311
699367898
881794746
660827470
789040992
667694332
793730245
722043696
722902513
729018146
884694570
737083428
880753211
669919468
882618368
793234771
795738783
793319446
539054312
881035983
667695545
607985289
536800418
739330520
739357616
883311925
699030502
695172612
739397430
573620706
699252489
729325045
883192098
699005213
729300451
720867457
534488250
739386338
666563541
609549533
787380284
739316832
571248198
881312858
722294294
887870204
699681898
536250047
786328395
728861627
737418714
699263345
888343318
883334025
883131561
699660629
795238467
789311393
690356982
665505828
699036092
607695248
881985634
737387113
799100127
730632988
737121269
727369367
737634121
722364532
720834987
787530548
739221888
537355320
780552785
663359873
722045892
734298807
726127555
883999889
738546776
602230026
699066903
699689807
722529830
722947767
787199253
739393923
793240834
661021347
739300360
739346827
883674516
793298727
795553307
699045055
729360578
739307473
793566563
786259856
699087019
729504255
722461886
793124459
799533102
699667291
722939804
739047256
536161714
600315340
601570366
883767684
532084755
787404780
789214599
787154713
795660341
739340741
884905594
669671465
737090861
882208081
696827230
734377328
664642179
794851596
787224945
787211954
667038963
789841691
783810063
729476170
884153147
690343374
737554058
799237767
697497965
729321381
666975851
699000701
884880432
724756744
795751803
728281349
739347070
880702795
737091937
699681172
699038952
887214555
609539006
693236537
572148800
884829945
699391339
794998431
666042813
729646125
739392498
532465023
884311352
780632233
690039580
699200557
699286598
885884646
739373511
690331016
699651979
727803261
666936401
884202813
539512640
882201063
789965336
788867832
739371489
728267376
698158285
662940738
727823680
881519105
787349632
790095577
602890859
536149557
699278689
793962131
781516651
883122343
532900962
793055686
884562251
799402934
787175790
780506822
666317615
889401096
786181187
784968213
737500913
720817827
884147054
793875425
789408242
799248531
780605299
690011817
727162374
883439234
884756035
698598426
780253887
787771743
787653951
699261294
666894109
793575748
699067474
534125040
575951020
607297156
699070582
664676138
883956365
699091481
600132359
789305864
787623381
886799069
690111872
887166257
794055361
785576220
720861158
734343737
571213767
721983202
882741199
721197791
733337142
536301691
728436198
786101745
722211350
739330301
737409310
789752278
699128782
884383850
666298946
787198753
699644265
783883629
724841556
882504814
666976179
792251243
722911190
884816992
739083041
536463956
727851104
699433101
787735666
727155317
690621024
538262119
661374752
783837798
690058937
783931453
794143636
533757552
883500398
880518113
884814243
737201632
727955201
606685504
694561279
600283955
793744494
666443580
699289921
728971653
795423930
667605557
783124019
728469082
785750635
883215441
729717590
788909043
733055428
729076051
739359857
792442066
737675242
690068799
883655885
690814414
571414719
601040003
729768881
571433675
699635768
729043757
699294543
793786309
698784889
795315681
787162814
883787366
886068189
789456768
787236042
666708962
728671521
783410723
795484154
538818694
884953143
881619768
884286761
699067847
699646260
780128693
794590494
781041628
727981933
728122748
695104765
699621879
721622474
739224786
793679538
881521533
882296112
729113497
786192025
724013282
738451121
690913316
699646510
883927672
699686386
787554415
739301998
783196056
692851743
789186813
737137805
787111912
726219061
787716469
795898878
536641875
666057240
666717139
799402678
886987292
795675755
737052783
786386784
660879186
722079897
734142048
721346053
791586884
734390043
889341632
783113964
787356092
728114393
881542610
728798045
793073570
793993466
793506152
722772424
739321966
690470663
601059802
793491053
786174147
721557511
699088499
883409347
731266634
793503920
880013774
883958255
690342790
783733987
782634660
739359208
699211770
666579120
537410864
884517990
737221850
881796898
727273372
699654624
739383734
606751334
789834423
696029959
739308383
737318543
793768315
693695564
783372059
738355101
730055215
722377343
884013301
536608283
787675249
737740898
666301357
728532059
795402334
795532592
666067524
724584977
666066798
699650497
537048342
727777598
601518335
882850489
884865006
723359845
699001156
575803139
699431037
722715304
737310575
694840656
720832574
693628009
884733373
786113219
783656690
665337254
883341846
884655818
729291992
722424267
793959084
699686978
889569679
737738511
888234083
734497552
699647596
789962096
699441069
739306290
739355483
881631880
795345629
783246606
731162760
789637942
793692720
737749012
734305858
787667360
666001657
722754393
699279578
722160249
798904975
669379815
780137619
734481509
722434235
695733674
884375003
785277846
882264690
730572319
737026472
666372654
734127357
793976794
884542980
737640020
666380635
881075714
531061008
793834995
795990802
728318911
693651289
739346994
799518080
780220838
722805067
699204314
881559908
571238320
789709520
731939819
720829050
793529037
883736924
571311928
695278776
883229658
669425874
795566837
786346501
786121003
789247587
608101709
881031930
734216726
739337611
728306399
787883478
531852026
883169467
883484463
783541220
666241036
573712807
737740665
722215435
795872422
666220319
690647071
795730046
780189387
699651947
737022805
699091903
690054597
786151398
536402789
737157900
799465901
729282989
884693463
690613748
783956447
783293770
666448739
883425505
727358969
793743292
699007497
883219803
699665561
690198436
727338250
530652809
538296481
727231336
726893521
730333310
699172278
722449861
737704103
730791356
783902861
733243437
699272274
788145074
737440355
787114172
789087346
722344281
666670540
699373213
783056412
730780291
793967905
722888375
536684541
699267082
883450958
786267445
722226258
793719885
666945833
690894835
794972024
697985067
889280700
606516660
796661025
530778085
662969265
538077617
575108568
789102415
699643170
783735000
791640276
692481816
699009009
883647865
793135044
660277815
666804560
734495762
793755504
604535725
699008216
727715086
799183301
737367045
606381706
739377232
782761549
884916252
538596919
737041515
780212606
789274368
690299801
786120792
737639237
666371831
783750128
722974924
690529669
695472653
789278345
660965420
789098883
785068404
699681081
739337198
699069160
664291981
514723538
783188641
780557761
723923953
734164640
728540288
728993789
889122887
883127570
690462662
536212759
699065266
881013395
699249470
608568676
690994960
536401864
723079981
783254862
722355034
728691129
722459942
781058742
780991384
728774913
796706880
728545717
571259404
784498508
695659522
605548447
536616026
884733141
694733687
690195409
531372865
699687185
739363138
789717876
739351316
699280971
696742762
884385406
880675988
737287608
787914203
884797763
734499700
793601254
739204274
729616968
888433476
889087898
734149839
787334763
571192286
602924603
884667513
699097295
792448167
699306477
722714659
795751286
666706591
728704779
699417908
794747528
729711983
793781276
880597174
780835571
739352001
783030528
783728901
666705647
727995167
699661075
726345857
536542164
729143071
780591241
881075564
699622746
727807161
793350156
787344693
728486394
666829904
728971267
731843842
699218046
799296491
533869137
602062967
787734371
787848978
722696166
720855901
789322153
784129538
783562582
881023256
728717908
727379515
666536048
729430971
571281054
783809121
722630586
534525721
883271939
699027882
783135225
787692885
571490816
793310113
790807742
734495178
690662333
722128981
720886356
789122237
789438908
699200947
665362126
730823889
737493657
536388465
571305653
731157473
729188089
507859048
789636744
783765689
783945072
789289676
780227519
739309273
782138988
789421777
739333404
573352736
722722103
737600296
690096797
699432507
698973605
690340748
881049687
575521432
789790044
795150010
517311949
699683061
783574383
536402977
799381076
699277302
884360384
727982345
601256259
795489342
734203670
739309610
728223413
789628429
888778496
534125316
668244360
690373562
739367586
534114965
785860438
881479582
883082794
799594097
793353918
571286498
690880843
785095662
727272372
690421968
699005975
699032984
666861125
666688526
786072213
536959805
783080589
799368726
739218217
699338686
883690406
666786577
783519264
789669313
728437205
781452771
737675486
881283912
791549543
699257707
729185901
722189359
737494310
884084969
600908717
690825020
728157923
699038305
668088299
787805854
787023588
789790860
536171823
783914764
795533748
699683571
789643902
690950046
727766212
884369097
883570790
789673147
668929844
780663117
884326245
734495418
668369481
780695459
728593833
883283827
789814891
666220726
699025643
536547017
571280020
881647869
726498144
729050963
699685827
600428379
699246978
532355076
697459161
666467285
787329605
789258555
780593072
729763331
699616952
602186379
795142775
884138061
609554098
793282107
534309994
789408940
571205138
797456045
793404888
728577681
699299935
737186999
699667684
787860335
667710024
881507295
723379973
789231387
783513068
789917188
503158797
690547478
722445369
699023904
883337880
739320800
739363387
536608871
534908720
699260960
666572197
690079833
692075567
727746894
737583426
884563559
722395835
724952092
518756097
737120299
666577297
783612750
723247987
739390692
699081478
666950700
729450204
722351879
699266332
882527105
698017143
794398009
729470487
727134815
795223243
738529803
739353819
882208710
600320184
793624110
720850893
793047785
799442425
793468118
880183588
737149757
780295809
884629571
690108652
699049659
722933726
666975268
608157684
789550598
881978134
690864056
666067127
881497195
699090256
539577017
604503137
795426839
721484834
789506859
881387597
739318883
694015584
666289689
783225088
534373050
733201064
536408744
884681355
536618938
784856736
787028116
690203815
699036330
728197829
727324956
727976189
793965721
795241088
795586670
572316285
727716513
780616701
538370123
796754568
697102940
795010282
729543156
720881706
536042425
884962196
883220159
783259835
789801551
787631273
738208501
795010884
789681777
884897553
883553611
725666138
666386234
536383647
738729063
881667844
787419759
537633869
728103422
729252403
782803025
883203686
884814156
798809727
535411637
530281171
728254639
884219818
887459280
787561371
699072681
699283515
795574728
737005889
793654644
600940708
795356712
783716945
780510131
789001009
799447031
783788535
783847131
789321146
789735039
786271117
780594956
729615764
728869065
737570268
797570438
737076932
883505319
570644705
883322315
699081044
534103871
517966643
573309233
737559004
884382032
884275728
660029742
699628146
728322930
699298402
570368485
884214383
666998724
739302345
734309113
666172575
726005843
538809260
795552889
739386674
690003853
699049587
609634000
883733875
789960632
780526545
883798108
793707909
536877816
882215116
728773187
666347029
739327652
793774373
881527528
789090936
796973810
883698950
780203615
737121761
789732702
537326358
503615339
699071685
729028276
729711221
699625014
739336522
783164858
881355227
727943749
795266340
795246602
728134363
785679913
728199915
884273536
536756359
884712713
739327173
536749879
795070024
884665009
575531805
573684039
536388872
799482720
780683108
571341319
795587898
783567148
727782608
784493825
536827926
795152031
727065944
537031763
793166518
730593142
697826559
737280485
696229172
738923572
739332463
739281963
729322069
536776419
883720645
536808584
727046966
799150142
796686059
536626905
660970454
729662867
881005289
728461951
728792328
789636848
725839727
793391449
665735131
795840791
571312011
728368656
793598667
789706852
785006433
699623303
695335622
512999709
608326991
536329992
738654574
884089141
783372615
881812422
889912687
699277552
699029517
663990723
722824992
783437407
722145017
881621716
786050904
608454092
793700519
699281289
690475981
734326884
536457430
881251520
666992313
666202754
721807968
737183615
787742868
666520044
786069529
789423583
794580921
795538288
666254233
570839227
696318864
795392528
727216396
787606174
783828092
699025857
536013253
699152029
884507860
782218934
536807567
516301777
538630355
698153708
786151785
737162166
883918018
739372170
727001148
737216262
883582933
786021728
737549249
787633896
734416075
795520415
737347063
690095612
536449593
738691853
884182289
788358598
780646930
799342101
787900732
787722333
729402263
698711197
690597354
731431451
789430676
795872647
536492853
792327649
699078390
886809780
787733590
787023095
699051353
722799273
795795750
739344514
571448757
690941195
795287062
783187788
734243207
699494741
787120597
793134233
699278103
699213717
699230686
728475063
666808721
737465110
733635267
699098578
884894974
602917802
734443558
571179372
666536464
536591385
739397732
882803997
727217629
723736308
693161094
783901280
881694954
780652925
667361609
793518188
787242588
883211968
789109290
884190498
799418598
519928141
692091627
793689849
664728336
504317652
883427054
699048596
791233733
886872504
884212542
661615807
573037833
795709774
699095474
789620216
884218259
699088363
734464920
883022993
697059775
666827240
699648843
690288351
537290235
884174801
699682561
734250005
728331972
883187351
739388230
884703123
737208289
536909546
884334107
690394404
786063726
787135720
690623668
536637340
699255862
787504718
793443131
787067196
535281075
793658623
727226214
722417103
726947236
881366882
604042207
509426281
787865052
729235774
667949247
727354923
663215316
883060401
728244675
783859572
666079894
604886173
660884616
607944002
798189311
881071637
699280487
737013096
780683520
795880525
789444396
666072021
793482155
739373461
737679236
699054826
793181473
728438478
728860761
883002762
666558977
571341136
782096649
795889895
796601284
690614150
799170915
727733921
690502761
727921335
793912087
739303381
728583274
602691023
727232466
699090451
737678583
666572032
737634091
780676352
699213318
536982170
729450936
723930163
690345053
783516728
727961433
889000916
699006731
539031082
884267269
536122883
727218425
699090662
739364001
785099784
669039134
699246074
728351168
783237403
727744109
783838489
722422686
535810245
666329893
734259174
690307498
739362778
666855213
885718482
538745547
889035518
572578818
793034394
538706355
722389391
739205944
734451193
666633393
699287148
787222072
690918151
882225077
727009511
699085937
786381512
783103952
699635888
789326807
696164399
739386323
883257200
727147430
796395556
792713873
698000988
784538458
799259003
793287213
739389684
739319827
727287722
781474809
884134149
722296987
739389999
722587673
531182521
722785661
663807419
884511849
722178338
789309304
787297812
666586764
727044626
699219127
795872017
737384483
783351055
729206508
668428402
884121602
601697492
795740439
799184834
666005512
729767411
600656533
722401164
536472764
789714062
795312629
780594460
696030292
690074114
737012455
722765185
784259728
536306697
783259958
792810046
727732806
722912606
666937221
787412120
789919063
666098559
690817142
534308692
699639127
690349146
738887918
728389376
699639562
727778188
784964009
883756416
880739260
723946603
605160921
722632496
795461667
666092056
793124760
536452620
780538934
793904742
698799422
690036127
572814659
699289785
727887869
883339295
793138785
571460725
884390021
722771389
699047596
795707816
884597421
699287119
690160798
737649318
884792720
666864736
737679597
739343506
697802707
793013430
690839126
722202199
729107611
799384610
699278389
882247231
795393990
699618186
723404592
787832476
699664765
571103804
607053773
739356335
721315685
882270854
739318614
795203837
666871363
728114978
699641531
880821370
739328609
536675625
789505569
799305045
531365442
889653307
884880393
884590569
690323667
881271074
699296483
699210462
885321938
698434325
690936775
607796670
667211632
729345990
699635527
881942617
883154251
795140367
734135219
664641422
799322494
787388764
737763100
728184586
699263114
799329446
697275340
793224214
607311506
795936724
739369306
570681249
883491444
727082389
881456130
699034409
793254740
699090523
609723118
728601024
883503705
727995898
601932735
795544560
793929899
882586377
793174369
798255443
608874084
884809477
787996330
728662081
728578924
692594826
733281615
699636958
789049057
881376194
534557248
783387821
727929406
699075411
739313137
721159573
727183750
666315874
728911730
884735535
536348137
666865648
737539707
792910939
783755863
788812649
883735792
722157600
734340568
603852509
661478547
793531285
738206422
789689415
536760960
729767995
783513365
570672694
737709399
783009293
783539348
534223625
668109241
881816530
724929867
786101810
881673539
723070680
787979760
668469823
729761128
739393497
787161516
731406965
699652859
698148706
721776484
737581318
699259314
739231710
883915053
536417299
789418665
739075968
737542898
793194998
699666781
786149998
728840952
789968321
666133133
881395145
884807708
791136613
532187331
737571975
798294686
787548461
739290828
799387528
699680295
692708989
536561758
667088178
536667267
531150614
699029124
889653892
722136961
699634232
571301322
780160225
665890781
787916905
787080576
739349465
699640039
699635078
693709584
883050245
780262191
662270508
729697575
884278214
780050474
726589599
799397832
660425267
795043524
789549280
739395132
739027833
737702259
787064459
604008469
604553155
722290202
609787109
536225773
883152407
699612424
793720622
880797690
739334587
699616887
737684710
663668032
795850109
734208582
699083604
789994777
535489234
728446855
781698177
796484647
799530949
795833804
609295946
570765908
739307859
728636984
694156738
799395914
534069240
887886590
722855053
729072182
729069092
729389856
783610297
787703508
533885315
666292968
536632015
571301187
699275287
799186644
699058964
790457779
696051527
728806944
799257438
786160082
789509206
734274312
692875713
791146673
795276938
781628794
531363881
739366439
734284798
668563793
795951853
729375665
725881194
729117959
699286065
696102020
728815700
882770559
883413346
883108588
726822110
699029916
795712727
699685476
884566268
722102363
699654176
795049940
696252513
690592697
699249081
884004121
570573294
739348910
781147861
789697441
728749798
699007144
660674706
720824744
883564265
787673109
724717560
666288064
881031314
690957356
789596354
665057096
799366520
692663879
783628049
690238906
793436704
722007516
739302150
536315136
789965584
699644853
729559755
690970417
789711617
669006717
608402433
780585513
600632812
695610310
786059168
737735826
699619570
782876690
539256833
739358908
881591816
883244458
695991099
660581787
722747540
699254652
699025336
883913355
734187374
692330052
724859964
789622400
737677714
722175638
884960658
882797148
666772625
883604751
727333608
728851380
699086672
695489052
722093451
795978670
787731449
789714801
727389010
881038931
729761181
799529232
731351715
787993511
536345838
570720582
786051445
699253238
605083303
734147238
729291613
786080413
728577097
788634227
722433485
699290573
664228819
699650035
780252389
530015553
883596757
787784442
690583856
699023042
734268445
798644343
699634892
787000598
605730830
737791607
727091398
722500428
721498511
798110460
722302402
739342780
787143694
660564616
785037539
737241619
883003125
601340849
696169075
699096959
739374543
667947111
727160074
782315032
531145985
787045930
739368223
699629168
787838119
660619641
571390693
729416668
789947273
729527513
737341998
665861316
729767882
795786556
795254449
575126789
734367065
781790295
793225939
789538794
789624224
737455621
789763253
727703022
720879406
698920864
729760720
787176533
571230035
795573457
787014102
729477097
699248531
536459743
790460949
881983214
795439374
737085843
694010646
884390508
886876005
887288612
537843740
780837720
667270631
699215187
797621968
739327344
787793286
884126474
789521875
737066211
722432808
699250140
699031821
600921841
799527229
699038318
734279118
665460821
880400940
728546670
783475833
603169818
883693571
739316386
722859934
884544865
666728655
536316695
799419554
780634853
884192262
785280828
787948284
531055566
573701324
795086880
787342718
795750652
786163230
723776577
723694302
785721633
720811551
606026423
882258563
793884145
536017896
699680774
665402005
734118187
728215177
883220201
692198270
666724309
790301166
690038002
722425048
605546045
575032228
887409962
699032442
666336630
789729961
666260170
733487212
696486200
880409541
693177976
783448300
737398463
730323188
536539876
536423428
514930455
724416463
572918837
793020263
699484635
699172786
786175016
733147735
797592099
661845081
691548051
787919532
799388964
690209376
886146490
737229708
790101152
880640624
607437310
604287633
571360026
881638176
699245668
609183605
799209586
699034654
780660938
887119836
728745285
883649444
606242190
889434331
791746795
795930762
513613334
511782256
783866158
783836552
739243388
666536622
794116801
699061757
690626899
604996990
739092675
799273845
572096869
783214157
695442101
737713149
739048087
793675528
799545931
516941966
664830708
780651627
795849944
795300103
739303444
882261335
793862403
795577246
720870174
668148342
734426286
668058705
883716374
698058168
690432330
536701503
536271401
780026462
734474280
720843783
793063825
536370782
722426375
737094128
783692462
604291076
699614296
729421567
739399424
787398084
789475291
737750489
572399016
722640550
789256641
783205719
739338116
884364319
786254644
699212544
789751259
608546006
608080308
792355062
692737995
795531033
722494257
727905368
536445682
793321061
536445485
783391052
699176688
792381815
727816620
722689162
737332928
881391877
789454325
608646328
699613678
536312364
781334916
699667644
602278426
881080528
799543095
780519048
783932211
783704645
722513743
883149763
699636230
699627539
699007808
787684272
795851030
669922431
699209255
694078202
571346253
699308662
666832626
881465537
575268292
727052304
729769120
795220584
737748275
724960548
798586489
536637968
729681143
699034642
699247031
722684467
789065832
601680790
727365504
696588230
787203438
699000293
739082411
730934362
881744269
793075097
783810752
690361931
570679421
783337797
728691837
690313704
783176008
793007987
883477624
721436036
793609206
690879935
690067926
723247688
727240539
783775015
727134116
793538512
795235884
787266075
883197380
536844100
699066777
799102050
608993147
729233504
789185918
722534169
796048381
738210692
728210130
881382310
799510788
883951896
883699161
699074933
787350636
535328573
693732673
787345333
669796142
789712649
669483680
733744301
884883080
608559647
728978517
666675266
690045098
690296481
785410913
793680598
536524844
799242236
699067556
789048899
727092237
660606970
793890235
793124984
692799030
786108351
533174424
536902634
799485068
722075372
793453650
739357003
666591720
724557741
660758787
739301577
728115254
734367373
603816223
780209609
690057572
783507954
722047367
536226975
691374576
699366702
537268298
786158586
571137592
884818776
786198939
691949675
666364209
727919781
722451979
728796430
799312095
722920672
575140750
517975795
699252453
699317807
739318794
889722356
783760705
786245921
737477194
667735127
727350512
531864293
783649348
786082574
789566533
881927478
739344792
690478019
699661900
666756117
789536233
690990910
722146235
789942273
793069845
720835350
739381303
884940756
782129059
883630797
739377087
789665002
783886619
691349132
600433172
699687389
783361201
666587772
699281160
780658675
789641576
666184411
669748142
739012316
699032441
883629164
571109616
535052959
884869155
699138918
739353432
737014431
606378576
697258771
885171142
739074476
795502496
666080432
603350843
884583670
609578172
727784206
795702056
699294090
789276182
695341204
795854149
723131500
884305510
571378157
780727022
789124550
728787463
793406114
723986764
690033842
693395232
797049924
729420271
729719824
600166089
882634385
729317209
536320790
780654162
884617566
739338919
664343405
728653520
536310372
729429131
739368544
795246877
663250159
605139585
883701906
795535785
737129147
884028769
883476730
692448307
666637642
734377443
881504324
699027067
884677487
787077399
884587926
666966219
881887106
797172982
799300436
721921952
797513801
666469567
722797980
699653746
662424767
739326825
537978806
796692321
727004751
699382961
729488586
722963492
787278251
789248536
881243395
699216206
737317736
880269458
536580476
571351586
699194564
666921629
884218266
662087395
734200558
795072149
883428662
536605854
883322637
739386778
883593459
883467373
789756347
699258208
667476748
722126967
795550318
727928073
609227371
666178261
786258080
690980494
739319357
789430251
699236475
783645901
789274456
789191377
729542153
884961668
789115881
799478597
727750066
690594739
793051469
739375684
603505254
722410928
727949999
699058611
794069431
789223921
887244889
727350563
699069966
692315614
692916872
881863956
727788827
607399490
699210439
729766421
694299361
532681965
793155002
696691702
881074167
734488237
883238861
699206054
666247432
787171901
884328634
728148068
734325482
666526677
722954249
884663595
784300386
789638790
571155881
723349944
725110267
696592442
789331570
699156917
502789237
737559023
729360664
666535122
780247294
787320836
536973358
536008842
739396394
737031328
790127890
793841715
728988725
536265585
720868635
794417024
729766747
666974132
699055262
699647736
572070622
787681372
722436650
787522234
783117924
883161722
533676599
881842484
728974291
666844153
739318366
799496269
793259629
571427069
884682104
881670148
789252762
665319563
799582434
884272640
724946491
722548472
799197038
571491151
797414640
690353224
666587818
728282180
884787163
722608889
789109079
798442628
694271150
699215315
536209820
727707685
699660656
795098225
698308785
881280945
884304210
787322510
536081121
786317690
608353395
729768140
795621297
793810236
532745022
531887080
739348946
699090614
794180996
699090790
695218479
729600699
783729581
792734867
737716410
789464467
789692449
699000954
881781252
798029936
739332584
729394093
573179102
699039455
884736498
787447929
537575035
729318313
794287232
793169899
737478811
787932864
699263185
729317636
662736269
695250114
728397700
795632042
883985231
881314954
699616360
725276400
609318845
787033179
739321256
728686319
729362210
690038677
883772329
665710535
793562709
738467986
699425687
783097001
666826281
727788122
666971954
780710912
729183915
667263823
795387584
783970996
699055994
787843482
690555302
536079819
699654186
699122701
666036762
602122994
786392124
888755552
783079170
783437844
699032629
699093404
690823762
729760050
799338518
727711238
722560964
787667555
699215298
727155567
727347145
739360426
722566355
739354615
783336592
604339851
690807338
787676131
692874221
729624133
795687401
889820442
536387467
739383249
728423915
789505804
884394795
573056708
573850083
699244278
571322184
787005667
725067241
884802943
884973157
536803212
783210913
783908114
884071111
884339807
728227978
727392348
793711991
790778886
738789221
699050548
799401654
572351779
609047421
739399228
690913413
787739662
699619014
690107317
737606786
510574729
783088211
699056131
737121649
791661395
665846955
668643397
782546533
699463129
881283990
669105575
884367324
661829314
571444866
699036696
666710274
787153780
881299664
739011507
799126753
739302259
739341911
606846292
729718791
664805122
536772927
667928717
695271364
789376180
787480846
570418671
796658187
789735616
884824534
533399635
699287761
883550482
788401728
722165653
799114140
571361431
882738137
536239142
739352212
882727925
882355909
727283705
881459661
792942331
795843868
699313613
795963068
880880857
604632532
699368635
728313417
727781061
536734694
881979805
889246012
783314421
666135449
739079086
729185459
691469140
881478029
737438409
881618309
791247362
699337754
731120435
780140266
699438147
739215945
888849778
789359170
739341868
887455255
694253436
884860535
571353498
533460568
722768705
796454254
699482557
539870962
691667541
787016261
793889537
739386917
722961991
571391249
699006490
789485329
664370320
665181209
787826030
571340288
699324385
699259924
793511683
699273890
783123102
729425555
738318275
690349436
795453687
737623722
888404830
884168120
536819666
572354460
786135587
888375225
729194258
881747866
724582903
699088199
729714661
793745120
883064703
796735491
737589295
737318092
798327790
536651727
690051086
883341289
795708349
666486892
728830494
722544269
666164434
783263020
666403363
789923795
729714998
734243324
699621167
883053526
699066420
510911601
881004093
793738958
534459740
690140368
693391973
699057965
667205146
881746773
789459850
690050483
695830138
699027142
571167276
600900228
722423614
883588608
795232727
785115344
783280821
787461376
666755157
722632577
607329290
783178206
538398974
699274297
608842968
722261314
690694685
793872434
882995809
729768873
789485754
660895624
881690172
722101500
733244341
699634758
795612846
888191815
699077651
793135411
699216487
729303713
722109544
666444220
882239058
727721393
799492195
889448428
799224022
727157347
571412271
728201862
533879480
728857014
666565614
690174510
781101402
883968330
699070595
787243561
799375091
738868972
795867594
884082352
699643380
531502569
783246141
722339900
739369184
724896466
666741993
699280883
722445664
783650689
731003316
882262288
883025982
739316496
669527117
666839748
780661270
660692970
666668452
793990876
728511417
737026753
693994648
729232754
783216547
795811245
699024481
662195299
692173443
722617704
793688983
729125606
883952489
606347198
604649379
793235995
722784457
793105825
737144600
787183892
532664863
733286130
690554839
881445309
603279154
570242911
539781349
737322919
783907671
787755147
727264013
885766148
739315946
785126856
699656903
533002863
669676560
799260657
571293157
737557265
795471496
699638484
570883848
739364277
881934991
793273307
669289192
739390072
698304222
889563308
728126222
690927512
795193058
783615878
690047227
786282315
666800384
600410627
795204341
728632855
789387786
536873451
699613565
884053360
783074937
729203463
690404952
699055567
795265979
661540571
783775803
600410501
727968026
571450451
699647055
799108479
537643651
882230802
535610898
728942542
537744027
881565695
739383940
690389276
887185297
536912812
699375100
792782459
699104253
796657274
573210015
606895554
795938172
881895437
783312283
729330473
793018649
787292090
602609486
728349344
884536931
794987363
728178870
884322946
667384978
884813396
571440585
609962316
739385623
666042051
795728959
608440019
881571938
799106086
790422346
884056110
881675324
690560159
739375974
606222224
699650945
737001187
783155560
795079953
737090990
734109685
570167048
881759195
536033653
884979402
791141016
666002842
727845525
699688010
787348069
728778713
728634731
885174193
536565624
690164009
799477161
699056242
787772753
799569767
784889732
699002088
882037801
604321897
728246225
694449749
730077466
691980352
699065847
799174498
536929408
789290650
733699867
883016195
727895638
739380058
794382094
727259211
571152295
739361321
795784414
783823974
699270413
889194253
739041439
720887838
662242730
793540594
793164878
882119250
787073167
794311489
885256045
699282155
727835839
739368889
536376152
720819346
722230327
883765485
789357376
783990436
795881259
789857808
666014234
795304531
883013906
783280639
799504403
727206510
884596969
536671677
573338900
734223594
699278659
795189667
516750372
728313676
728439666
739061757
722072592
690357850
884081891
690403258
720864454
536865389
600219927
787362418
696757717
734487715
724189065
690026548
729713423
888847364
663246150
881575978
690290347
783557367
722207288
602172176
699182399
729364182
573831084
884115982
881074605
690098902
699033094
699630946
666428012
788333557
739389232
722431464
728856121
789800765
887047735
729403356
883955206
699189566
604510912
883253652
798539997
572500405
783825126
729767256
795084828
669308048
662993761
789905658
787753462
780684402
795468470
795903465
536334764
536609277
606164696
787424643
883254499
721548484
699253057
696198436
739280866
795740125
699284067
699643358
609322580
737253592
536902694
739364746
793394864
728539990
538615669
883732481
690893267
884547435
799569063
883499812
507894469
789324860
690529282
728644098
780663253
699642029
799420316
789022375
690910017
699634373
729769404
699231842
699218206
724434096
535627465
883714170
575608102
536712324
799596918
793283789
667272672
662255150
699083938
690139943
605256730
784622123
722582618
789200148
571417861
884537801
884675410
783158166
728918796
661252510
881253227
780411245
881511847
729529044
604056582
536687827
666553921
799217352
535771298
795357576
660466504
786252787
783743988
665323218
883427749
607041191
728655557
737122155
699073143
600586984
739321379
782482559
884615037
791526007
737035228
699212938
691511434
789097741
739367064
783592175
699201414
538802225
722917155
887186794
699657879
699635794
536565270
605103494
783834256
606971976
780750904
789431134
881646422
722860583
571130777
572875168
793140437
669809399
882210681
536983546
607588456
727759722
737658438
722642608
722953196
789264728
729766277
786108864
783883690
787267642
537136106
699002233
739314099
667976722
883101347
886650382
789090831
789931130
793087935
722896012
604015084
783189528
733068406
739378818
690913571
728262014
798858497
690914487
699008674
731845550
797991570
883339985
780231271
572200212
727984778
536658756
789068799
787387393
882566936
602207334
787935770
737358515
883082097
729009151
795723468
883250002
699685812
575947542
789326821
536643782
693307084
787656607
788625118
699081210
699053284
795823087
797693061
780294876
691179354
881706712
780600212
666824778
692996864
536909976
721625561
797242505
783152241
793499047
609855922
739344255
697894482
536171447
783108191
737792573
737517323
539850751
739371826
571228643
699236917
666683615
795461048
666872864
721931253
789792976
728871443
880363950
780285650
737385259
699242305
699338416
780136761
699246617
884524408
690173576
666243110
699255348
882219494
737735954
731608717
691269827
739385810
739300286
795581896
691722855
883901840
729130256
690074180
787653100
881995388
737752126
884249935
537030786
699279316
785430393
787744174
699073537
881499944
663663580
889211328
883408909
699661759
690528249
516866768
883073869
789555824
880543014
690388807
699109789
789044284
699262283
884779862
793307774
575437563
665526786
793423329
699251101
572450171
727892278
789621381
787626118
737347273
722967404
783643407
532383695
699094827
783299159
690150057
790044937
881830352
602571558
739301759
792188232
783964648
789641907
699621256
690947479
791021025
882242116
787927825
690210286
699074737
793554971
661793298
722594501
787664017
881257178
664711911
790228980
787589407
739330876
793010236
787249669
727780962
790160649
889529408
729760322
699205358
699049823
783842713
666656271
722323139
533084114
727794939
730001639
699285143
699054295
739302718
722530706
538535538
793035066
788187339
737410789
795791391
573951000
731595072
793278597
739376969
783569196
739396366
883695364
883467453
721530262
722381166
783412293
692683304
729647977
666907208
737682061
884317272
734105462
884073385
690956069
668399123
690634398
782255375
666654061
739302825
883320461
881858094
600114024
780453943
511340699
722294854
884584756
571305825
573941288
737477007
536753227
699056295
780200026
536477097
575082395
730418341
783045836
737185555
884628672
795609023
728140841
789506416
724369688
795482155
666897745
666645435
783773827
699009636
884632424
604325824
728548710
699044496
699009035
780581526
728386336
699066562
666513606
690041171
795717437
699083434
666504146
787550491
690338114
783734530
609451004
699099423
787863874
722109931
609050962
699098564
884935788
728746911
535334336
786210204
699034509
690353025
724988154
690429991
699282319
728397937
666666336
728704524
722734486
664735061
690479068
690274186
536379930
722173014
793132516
783801235
883025983
780371913
799206174
789233639
793502754
884746015
884757564
738141173
793510503
793310132
699110245
883350379
699094021
536043944
727370846
721806738
788235548
886208600
794958296
780151048
698917390
883253583
666216451
728624597
881004578
536375700
721026964
699684626
729138563
881976091
699255467
666599989
737141141
787916403
739374078
881460902
535613477
780636777
699269006
734471075
799129157
668128443
796179609
536249179
739327771
881094470
884128250
783039515
690509453
881471212
739399607
739308376
666422256
699256144
780140774
724948167
739302770
722890315
786079277
536982400
783966085
737073287
727393971
696999471
793398082
722364673
737402439
789598878
536647854
690635040
690120026
725148792
519430491
722898109
694084112
882513056
729217061
666714995
607919926
699000341
793977706
739326125
536876818
793675393
733730043
787633549
787759219
699077023
539657807
881332773
793857787
662664702
668615602
781012593
783326087
573119719
783383792
799296710
792695892
889602411
739317836
883949609
699271373
883483617
734183477
729500460
883343931
788611166
884390433
884312629
793528597
883647674
795890566
796276233
883474919
571306135
739305409
696363219
883133037
699254519
787316641
881803574
791338750
699083963
784885116
536794879
885293226
795223306
721729447
724680688
690063149
728188488
885145298
795711486
536123216
730601897
734311692
795817513
737092013
669659584
739388013
601531145
789746502
516363327
722616699
781489652
606228887
699642631
727992858
884670556
787385971
665613247
699657445
695372398
698464182
885881752
661703915
739374611
737506960
881935229
690302534
739394317
722304047
722948282
699043454
699060324
730309568
690073077
729765432
793541788
667523374
661611493
793028698
534507946
739399348
883542886
787345276
536457113
699361402
885031619
699627836
791866378
570207155
693950763
722523448
696257375
666779404
787826634
728203887
666895141
731859046
799107956
786211937
786066112
571294979
883022768
666075222
883158573
699024314
728776474
739038051
509460590
739063445
737049443
793906389
789772894
533461669
609509669
737656256
722156035
787430170
883983524
699317162
739335053
699023109
729325983
690028528
699095819
729664442
729761617
780628734
729615791
880952997
783523391
786250725
609488272
789634982
786273076
797810506
881806136
737186151
699099979
666762492
795242706
536770075
537399848
692119735
668824404
787127828
783615778
883531189
664402650
722706832
661184076
728631193
786323409
666873783
602263305
789758975
789785576
669627055
570838538
699154350
793877307
691275837
699636908
889204227
699651762
783774428
881604753
884758730
511175990
883739961
795570313
884530437
881306836
722206370
734186385
727208868
666252825
784732434
789258644
737115766
727091852
534578228
722301312
669386562
781408837
739055047
609713271
739062858
699612442
727926191
608574945
881436336
727125576
787019795
699002882
795560049
728335899
780177039
722556798
884164007
884819287
666762192
699082672
530608607
789219860
739354286
727293127
699218732
699665538
699060463
782670170
699289892
699277528
789660088
691325078
666421734
785196969
737291299
699099435
723231105
725795657
787809887
734183104
798145378
883318557
729636051
734496157
795979662
780547764
530253832
575917978
798717701
795245210
884759560
783416437
786156615
699623444
785333182
699032342
787334805
728761609
722800548
887070145
571190172
691755396
881208339
666231200
881865958
793435398
536316696
793961587
787185664
789663121
789951878
690278661
699002749
730208329
727951222
789574177
884116156
883038416
881626621
728387338
881583057
727857769
533936306
573435661
783853816
883464568
795388664
699070108
883501191
690990458
695177867
786319572
793870923
795469902
571260332
600564760
786143103
737287333
795490489
722456426
739074700
737026959
739375554
884680018
789431934
536563242
699260947
787791777
721382175
789098226
783826537
786181751
789744997
536780942
693473603
781261293
790920515
535336305
787562571
728795324
786051766
780668923
734133489
722835657
780575432
780603112
737243421
793647654
728147874
787272268
666211910
737755019
699098317
722545309
884056226
884762201
793180315
603895700
789811352
729164878
786386877
734132718
722058086
886137514
739389532
571149404
795485387
690676722
783533041
883723512
665329053
729194162
690002620
793555403
795564974
795531817
881698538
737069075
536182841
691022618
884755250
734160087
536272761
883194800
729761673
722744635
739300733
883502250
571433357
666295651
723789533
699071665
516046279
662900108
734455582
666350694
729348825
693960100
786276562
699489923
535459842
699000287
883103696
783779738
536003360
799386781
536111072
739363491
786330925
699064560
881530621
602372629
883978819
883450619
697326498
728610920
729433377
533846292
881843211
729035319
786037081
737766445
783728231
783544534
573302843
607528375
737553762
727242136
883424915
737208773
666115009
690477224
737632286
881447982
699619807
793363767
728481668
690892539
781452282
606880005
785793129
699401012
666895569
798554935
699636746
536339649
793277084
787417179
538073414
722841664
699080262
884134288
737746854
788593833
884299429
887812112
729533126
783036278
881995699
662689580
699218882
793330362
666284295
795488088
795332652
883380616
572822060
787085665
699040565
884643060
699078082
781402768
737318386
727054385
734472614
796575871
793536193
699075092
731994908
795917327
789683601
666902031
722456358
886152309
699289755
793671889
536461619
786172300
739371110
729764166
737451522
699073087
699626291
536304541
607654041
727364437
666595923
728842788
734396784
883978916
722423877
722967049
884888641
571432918
739082608
699008088
883438957
538787679
690960799
699270550
795060264
699083890
699297059
727856496
666013789
737791391
881716102
886834484
722931363
795832136
728623083
691187975
662327023
783051914
739374841
666006901
699091030
607021110
739312181
793192695
536948745
738845915
699091710
780513716
728191876
601107557
786293350
737597208
536588959
699230095
660839563
727196366
789959467
729407161
536458670
783816154
789526413
793001893
530158821
537482372
787971058
739395700
660241587
739372097
664135521
881639887
883244294
662002689
889924673
883320865
667962992
699689183
792830138
699099602
699253905
699689444
668691180
729258409
739378905
536742253
787859302
789437169
603001304
530744937
786140298
699633409
663466333
729682726
690479545
606431937
690544051
789362585
728174274
739358975
883421947
666752180
532576401
535369895
789508423
729376585
723783314
606597293
536509746
787420244
734123575
573645395
722815977
882255308
785210691
727883970
883322023
882279371
784921568
721812610
665238963
729012166
665424619
881338348
690855293
728926559
783113637
793036318
739368594
727148844
793266774
884845206
571481257
786174759
783134968
737450738
699237176
739338887
787337003
797135596
729718201
795873001
737124410
690643079
608888147
690836296
887832105
739368593
690204949
722753565
789702613
793096413
536930291
603864136
538011474
889921604
721880661
883213080
606926280
722233123
534023317
536651291
727200312
783603358
722022085
793167745
666236371
793095818
727924899
536247265
881095627
883548741
728472845
787761594
693163426
782182594
795588541
722472615
722153821
787551533
530733071
734157029
780567613
722819820
727394783
789883500
783737330
795181344
539829649
699614562
789248215
793535710
690486847
699626627
795539441
661827851
699663708